-0.42430294
-0.6367779
0.00116539
-0.85792994
0.9738461
0.24974287
-0.5004673
0.4814601
-0.88970625
-0.25748873
0.9106436
0.50265574
0.58693635
-0.0610801
0.12555063
0.38793898
-0.6777942
-0.342618
-0.89053476
-0.42416131
-0.6683506
0.881109
0.7975991
-0.46472514
0.6437352
0.9250454
0.8062248
0.4398613
0.7069073
-0.28365374
-0.23638165
-0.88120353
-0.2745632
0.36681223
-0.68343043
0.7674655
0.31581175
-0.43657076
0.813123
-0.41222548
-0.7565212
0.81641495
-0.22657621
0.9561105
0.8102466
-0.8411572
0.8582704
0.071076035
0.6614531
0.6781106
-0.851789
-0.055547476
2.7787685E-4
0.65077317
-0.66641915
-0.074002385
0.4553355
-0.27432597
0.97197497
-0.33859825
0.46870553
-0.05645144
0.72442615
0.23593473
-0.93582356
-0.6993896
0.05004275
0.47381508
-0.89951336
-0.7491865
0.60468626
-0.7577505
-0.5217563
0.59321237
0.38071954
-0.5173347
0.98478866
-0.7362993
-0.8443173
-0.15486419